['20181126  09:30:00', 64.8, 65.35, 64.44, 64.64, 5739, 64.853, 1171]
['20181126  09:35:00', 64.69, 65.08, 63.78, 64.18, 4011, 64.553, 1419]
['20181126  09:40:00', 64.17, 64.75, 64.03, 64.69, 2833, 64.375, 1096]
['20181126  09:45:00', 64.65, 64.92, 64.29, 64.71, 2439, 64.679, 1016]
['20181126  09:50:00', 64.78, 65.38, 64.72, 65.14, 3647, 65.062, 1092]
['20181126  09:55:00', 65.17, 65.8, 65.0, 65.8, 3153, 65.469, 1308]
['20181126  10:00:00', 65.82, 65.83, 65.4, 65.68, 2146, 65.631, 1068]
['20181126  10:05:00', 65.65, 65.75, 65.36, 65.56, 1901, 65.531, 1021]
['20181126  10:10:00', 65.54, 65.55, 65.25, 65.55, 1371, 65.4, 658]
['20181126  10:15:00', 65.53, 65.66, 65.02, 65.03, 1744, 65.225, 869]
['20181126  10:20:00', 65.06, 65.19, 64.73, 64.86, 1297, 64.934, 651]
['20181126  10:25:00', 64.8, 65.09, 64.7, 65.01, 1221, 64.92, 496]
['20181126  10:30:00', 64.98, 65.05, 64.77, 64.83, 899, 64.907, 488]
['20181126  10:35:00', 64.83, 65.21, 64.82, 65.14, 996, 65.051, 488]
['20181126  10:40:00', 65.15, 65.32, 65.03, 65.31, 1161, 65.216, 466]
['20181126  10:45:00', 65.31, 65.31, 64.95, 65.01, 756, 65.112, 401]
['20181126  10:50:00', 65.02, 65.36, 64.85, 65.27, 1020, 65.177, 478]
['20181126  10:55:00', 65.3, 65.53, 65.27, 65.49, 1240, 65.445, 523]
['20181126  11:00:00', 65.49, 65.53, 65.35, 65.42, 700, 65.437, 326]
['20181126  11:05:00', 65.43, 65.86, 65.27, 65.85, 1941, 65.551, 787]
['20181126  11:10:00', 65.85, 66.18, 65.8, 66.1, 3318, 66.032, 1173]
['20181126  11:15:00', 66.11, 66.5, 66.06, 66.34, 2227, 66.305, 1063]
['20181126  11:20:00', 66.28, 66.43, 66.15, 66.33, 1275, 66.308, 628]
['20181126  11:25:00', 66.34, 66.42, 66.15, 66.27, 1713, 66.305, 954]
['20181126  11:30:00', 66.26, 66.26, 66.02, 66.08, 2353, 66.109, 1050]
['20181126  11:35:00', 66.06, 66.08, 65.62, 65.71, 2758, 65.751, 1140]
['20181126  11:40:00', 65.69, 65.83, 65.63, 65.72, 988, 65.71, 485]
['20181126  11:45:00', 65.73, 65.93, 65.56, 65.86, 1022, 65.744, 460]
['20181126  11:50:00', 65.86, 66.14, 65.86, 66.08, 805, 66.034, 408]
['20181126  11:55:00', 66.08, 66.28, 66.07, 66.26, 1112, 66.208, 485]
['20181126  12:00:00', 66.28, 66.41, 66.2, 66.39, 1047, 66.32, 505]
['20181126  12:05:00', 66.38, 66.87, 66.35, 66.77, 2165, 66.608, 977]
['20181126  12:10:00', 66.78, 66.8, 66.5, 66.55, 1140, 66.657, 595]
['20181126  12:15:00', 66.54, 66.63, 66.44, 66.55, 1003, 66.531, 496]
['20181126  12:20:00', 66.53, 66.67, 66.42, 66.63, 880, 66.545, 434]
['20181126  12:25:00', 66.62, 66.62, 66.36, 66.44, 1951, 66.454, 618]
['20181126  12:30:00', 66.43, 66.43, 66.05, 66.09, 1022, 66.232, 502]
['20181126  12:35:00', 66.1, 66.1, 65.72, 65.91, 2199, 65.871, 665]
['20181126  12:40:00', 65.91, 66.2, 65.84, 66.18, 1324, 66.004, 455]
['20181126  12:45:00', 66.19, 66.24, 65.82, 65.9, 922, 66.089, 318]
['20181126  12:50:00', 65.92, 66.05, 65.74, 65.79, 864, 65.898, 295]
['20181126  12:55:00', 65.82, 66.13, 65.76, 66.08, 569, 65.921, 257]
['20181126  13:00:00', 66.09, 66.26, 66.06, 66.11, 866, 66.176, 314]
['20181126  13:05:00', 66.11, 66.27, 66.03, 66.26, 439, 66.161, 196]
['20181126  13:10:00', 66.27, 66.37, 66.21, 66.23, 740, 66.285, 265]
['20181126  13:15:00', 66.22, 66.43, 66.21, 66.28, 841, 66.313, 258]
['20181126  13:20:00', 66.28, 66.37, 66.1, 66.25, 410, 66.196, 194]
['20181126  13:25:00', 66.27, 66.27, 66.08, 66.12, 578, 66.171, 288]
['20181126  13:30:00', 66.11, 66.29, 66.05, 66.17, 412, 66.172, 183]
['20181126  13:35:00', 66.16, 66.21, 66.03, 66.13, 288, 66.101, 130]
['20181126  13:40:00', 66.12, 66.2, 65.92, 66.14, 409, 66.061, 207]
['20181126  13:45:00', 66.17, 66.43, 66.16, 66.37, 764, 66.342, 227]
['20181126  13:50:00', 66.39, 66.39, 66.26, 66.27, 328, 66.314, 153]
['20181126  13:55:00', 66.29, 66.4, 66.25, 66.36, 622, 66.317, 250]
['20181126  14:00:00', 66.37, 66.48, 66.27, 66.27, 457, 66.374, 173]
['20181126  14:05:00', 66.29, 66.36, 66.26, 66.28, 302, 66.299, 146]
['20181126  14:10:00', 66.28, 66.45, 66.21, 66.39, 502, 66.346, 196]
['20181126  14:15:00', 66.41, 66.5, 66.32, 66.47, 721, 66.415, 323]
['20181126  14:20:00', 66.45, 66.5, 66.41, 66.43, 700, 66.46, 290]
['20181126  14:25:00', 66.45, 66.61, 66.41, 66.56, 978, 66.542, 427]
['20181126  14:30:00', 66.58, 66.76, 66.57, 66.68, 733, 66.699, 331]
['20181126  14:35:00', 66.69, 66.83, 66.57, 66.6, 1112, 66.723, 387]
['20181126  14:40:00', 66.61, 66.63, 66.49, 66.54, 858, 66.549, 324]
['20181126  14:45:00', 66.55, 66.63, 66.46, 66.51, 780, 66.556, 322]
['20181126  14:50:00', 66.52, 66.65, 66.43, 66.63, 910, 66.56, 311]
['20181126  14:55:00', 66.64, 66.8, 66.52, 66.78, 796, 66.659, 361]
['20181126  15:00:00', 66.78, 66.9, 66.66, 66.87, 1191, 66.78, 450]
['20181126  15:05:00', 66.87, 66.89, 66.66, 66.67, 686, 66.756, 358]
['20181126  15:10:00', 66.69, 66.71, 66.54, 66.66, 642, 66.617, 344]
['20181126  15:15:00', 66.63, 66.64, 66.41, 66.43, 1150, 66.492, 462]
['20181126  15:20:00', 66.43, 66.47, 66.23, 66.27, 1346, 66.337, 518]
['20181126  15:25:00', 66.27, 66.35, 66.19, 66.21, 1070, 66.278, 466]
['20181126  15:30:00', 66.21, 66.58, 66.21, 66.57, 1772, 66.442, 725]
['20181126  15:35:00', 66.56, 66.57, 66.41, 66.44, 1103, 66.504, 638]
['20181126  15:40:00', 66.44, 66.59, 66.42, 66.51, 960, 66.511, 615]
['20181126  15:45:00', 66.51, 66.6, 66.48, 66.51, 1189, 66.526, 744]
['20181126  15:50:00', 66.52, 66.62, 66.5, 66.54, 1525, 66.561, 992]
['20181126  15:55:00', 66.54, 66.6, 66.45, 66.52, 3119, 66.527, 1825]
['20181127  09:30:00', 65.59, 66.48, 65.21, 65.96, 3818, 65.854, 868]
['20181127  09:35:00', 65.98, 66.62, 65.56, 65.63, 2088, 66.102, 743]
['20181127  09:40:00', 65.6, 65.93, 65.25, 65.6, 2161, 65.53, 708]
['20181127  09:45:00', 65.7, 65.87, 65.42, 65.86, 1943, 65.711, 678]
['20181127  09:50:00', 65.8, 66.36, 65.68, 66.29, 2183, 66.085, 634]
['20181127  09:55:00', 66.23, 66.58, 66.23, 66.4, 2376, 66.414, 698]
['20181127  10:00:00', 66.41, 66.48, 66.06, 66.47, 1033, 66.283, 447]
['20181127  10:05:00', 66.47, 67.05, 66.29, 66.92, 3102, 66.721, 799]
['20181127  10:10:00', 66.9, 67.15, 66.68, 67.15, 2950, 66.954, 738]
['20181127  10:15:00', 67.15, 67.3, 66.55, 66.7, 2282, 67.021, 704]
['20181127  10:20:00', 66.73, 66.9, 66.46, 66.6, 1188, 66.669, 435]
['20181127  10:25:00', 66.61, 66.78, 66.03, 66.16, 2552, 66.394, 698]
['20181127  10:30:00', 66.13, 66.43, 66.0, 66.32, 1524, 66.219, 513]
['20181127  10:35:00', 66.32, 66.36, 65.91, 66.11, 1498, 66.096, 481]
['20181127  10:40:00', 66.08, 66.1, 65.6, 65.95, 1629, 65.815, 551]
['20181127  10:45:00', 65.93, 66.23, 65.92, 66.09, 781, 66.069, 329]
['20181127  10:50:00', 66.11, 66.27, 65.95, 66.18, 1925, 66.149, 461]
['20181127  10:55:00', 66.17, 66.43, 66.14, 66.29, 2275, 66.299, 592]
['20181127  11:00:00', 66.26, 66.47, 66.12, 66.46, 1548, 66.311, 577]
['20181127  11:05:00', 66.47, 66.6, 66.2, 66.32, 1478, 66.414, 412]
['20181127  11:10:00', 66.29, 66.5, 65.99, 66.04, 1358, 66.187, 473]
['20181127  11:15:00', 66.03, 66.25, 65.9, 66.18, 1174, 66.07, 438]
['20181127  11:20:00', 66.19, 66.2, 65.88, 65.9, 752, 66.05, 321]
['20181127  11:25:00', 65.87, 66.09, 65.87, 65.92, 615, 65.98, 299]
['20181127  11:30:00', 65.94, 65.98, 65.65, 65.8, 864, 65.823, 409]
['20181127  11:35:00', 65.77, 66.03, 65.77, 65.9, 630, 65.917, 341]
['20181127  11:40:00', 65.9, 66.08, 65.86, 65.88, 415, 65.956, 208]
['20181127  11:45:00', 65.88, 65.88, 65.7, 65.85, 746, 65.772, 292]
['20181127  11:50:00', 65.82, 66.24, 65.78, 66.18, 996, 66.042, 314]
['20181127  11:55:00', 66.19, 66.29, 66.02, 66.05, 974, 66.151, 383]
['20181127  12:00:00', 66.06, 66.15, 65.81, 65.9, 1175, 65.964, 413]
['20181127  12:05:00', 65.9, 65.96, 65.79, 65.89, 592, 65.874, 281]
['20181127  12:10:00', 65.91, 66.02, 65.88, 65.99, 279, 65.953, 177]
['20181127  12:15:00', 65.97, 66.24, 65.86, 66.18, 1023, 66.077, 357]
['20181127  12:20:00', 66.19, 66.24, 65.98, 66.01, 331, 66.123, 191]
['20181127  12:25:00', 66.06, 66.06, 65.62, 65.64, 848, 65.807, 361]
['20181127  12:30:00', 65.66, 65.86, 65.51, 65.64, 744, 65.658, 312]
['20181127  12:35:00', 65.63, 65.73, 65.55, 65.73, 419, 65.631, 222]
['20181127  12:40:00', 65.73, 65.76, 65.61, 65.63, 542, 65.699, 214]
['20181127  12:45:00', 65.65, 65.67, 65.3, 65.35, 1020, 65.464, 410]
['20181127  12:50:00', 65.35, 65.46, 65.13, 65.32, 853, 65.293, 359]
['20181127  12:55:00', 65.35, 65.44, 65.15, 65.26, 930, 65.301, 373]
['20181127  13:00:00', 65.27, 65.52, 65.23, 65.32, 661, 65.38, 215]
['20181127  13:05:00', 65.36, 65.49, 65.27, 65.33, 357, 65.369, 179]
['20181127  13:10:00', 65.37, 65.44, 65.14, 65.4, 471, 65.249, 234]
['20181127  13:15:00', 65.42, 65.58, 65.12, 65.23, 785, 65.308, 279]
['20181127  13:20:00', 65.25, 65.48, 65.17, 65.45, 355, 65.328, 185]
['20181127  13:25:00', 65.44, 65.58, 65.36, 65.55, 468, 65.465, 226]
['20181127  13:30:00', 65.55, 65.75, 65.51, 65.56, 538, 65.64, 257]
['20181127  13:35:00', 65.56, 65.72, 65.43, 65.67, 728, 65.596, 288]
['20181127  13:40:00', 65.67, 65.67, 65.37, 65.52, 953, 65.503, 329]
['20181127  13:45:00', 65.51, 65.7, 65.5, 65.62, 383, 65.612, 147]
['20181127  13:50:00', 65.64, 65.68, 65.52, 65.64, 344, 65.618, 150]
['20181127  13:55:00', 65.61, 66.09, 65.58, 66.09, 627, 65.874, 240]
['20181127  14:00:00', 66.09, 66.17, 65.93, 66.16, 806, 66.067, 245]
['20181127  14:05:00', 66.1, 66.34, 65.97, 66.01, 1668, 66.182, 417]
['20181127  14:10:00', 66.03, 66.1, 65.92, 66.08, 426, 65.996, 175]
['20181127  14:15:00', 66.06, 66.12, 65.98, 66.04, 309, 66.05, 157]
['20181127  14:20:00', 66.04, 66.11, 65.75, 65.82, 681, 65.867, 358]
['20181127  14:25:00', 65.82, 66.0, 65.7, 65.97, 547, 65.832, 298]
['20181127  14:30:00', 66.0, 66.06, 65.9, 66.0, 342, 65.972, 214]
['20181127  14:35:00', 66.01, 66.1, 65.7, 65.75, 601, 65.915, 318]
['20181127  14:40:00', 65.74, 65.79, 65.65, 65.77, 428, 65.739, 261]
['20181127  14:45:00', 65.78, 65.92, 65.78, 65.88, 323, 65.859, 169]
['20181127  14:50:00', 65.87, 65.89, 65.72, 65.83, 361, 65.802, 210]
['20181127  14:55:00', 65.83, 65.83, 65.65, 65.7, 321, 65.733, 211]
['20181127  15:00:00', 65.7, 65.7, 65.56, 65.69, 581, 65.625, 253]
['20181127  15:05:00', 65.7, 65.72, 65.28, 65.3, 693, 65.441, 318]
['20181127  15:10:00', 65.31, 65.52, 65.29, 65.42, 417, 65.427, 209]
['20181127  15:15:00', 65.44, 65.51, 65.3, 65.36, 526, 65.415, 276]
['20181127  15:20:00', 65.33, 65.47, 65.25, 65.4, 526, 65.346, 303]
['20181127  15:25:00', 65.39, 65.59, 65.39, 65.5, 708, 65.508, 367]
['20181127  15:30:00', 65.51, 65.53, 65.34, 65.41, 607, 65.423, 369]
['20181127  15:35:00', 65.41, 65.6, 65.39, 65.59, 724, 65.517, 427]
['20181127  15:40:00', 65.58, 65.7, 65.58, 65.7, 915, 65.627, 499]
['20181127  15:45:00', 65.72, 65.89, 65.65, 65.84, 1092, 65.802, 749]
['20181127  15:50:00', 65.85, 65.86, 65.76, 65.79, 1665, 65.812, 864]
['20181127  15:55:00', 65.78, 65.9, 65.75, 65.88, 2205, 65.836, 1292]
['20181128  09:30:00', 67.01, 67.69, 66.4, 66.63, 6021, 66.943, 1449]
['20181128  09:35:00', 66.63, 66.99, 66.41, 66.74, 5326, 66.646, 1724]
['20181128  09:40:00', 66.75, 66.75, 65.83, 66.19, 7480, 66.16, 2492]
['20181128  09:45:00', 66.17, 66.23, 65.51, 65.71, 5276, 65.873, 1815]
['20181128  09:50:00', 65.71, 66.09, 65.6, 65.72, 3156, 65.872, 1092]
['20181128  09:55:00', 65.7, 65.95, 65.7, 65.81, 2510, 65.855, 965]
['20181128  10:00:00', 65.78, 66.34, 65.78, 66.16, 2640, 66.154, 917]
['20181128  10:05:00', 66.17, 66.21, 65.62, 65.65, 2355, 65.816, 849]
['20181128  10:10:00', 65.63, 66.03, 65.58, 65.81, 1736, 65.871, 562]
['20181128  10:15:00', 65.81, 65.98, 65.66, 65.77, 2730, 65.799, 752]
['20181128  10:20:00', 65.8, 66.48, 65.74, 66.42, 2371, 66.142, 976]
['20181128  10:25:00', 66.41, 66.43, 66.02, 66.02, 1668, 66.266, 564]
['20181128  10:30:00', 66.01, 66.19, 65.78, 66.19, 1425, 65.946, 525]
['20181128  10:35:00', 66.15, 66.2, 65.76, 65.83, 801, 66.014, 369]
['20181128  10:40:00', 65.85, 65.98, 65.43, 65.57, 1981, 65.65, 768]
['20181128  10:45:00', 65.53, 65.75, 65.5, 65.73, 717, 65.615, 377]
['20181128  10:50:00', 65.74, 65.79, 65.5, 65.63, 519, 65.643, 282]
['20181128  10:55:00', 65.62, 65.84, 65.57, 65.68, 597, 65.719, 309]
['20181128  11:00:00', 65.69, 65.97, 65.64, 65.64, 1148, 65.861, 339]
['20181128  11:05:00', 65.65, 65.98, 65.59, 65.92, 525, 65.771, 265]
['20181128  11:10:00', 65.94, 66.0, 65.8, 65.93, 1191, 65.906, 525]
['20181128  11:15:00', 65.95, 65.96, 65.72, 65.86, 420, 65.81, 179]
['20181128  11:20:00', 65.85, 65.89, 65.51, 65.52, 406, 65.736, 230]
['20181128  11:25:00', 65.51, 65.66, 65.45, 65.58, 531, 65.568, 279]
['20181128  11:30:00', 65.58, 65.88, 65.54, 65.75, 1182, 65.773, 383]
['20181128  11:35:00', 65.75, 65.78, 65.55, 65.71, 584, 65.666, 202]
['20181128  11:40:00', 65.74, 66.08, 65.69, 66.07, 1037, 65.926, 354]
['20181128  11:45:00', 66.05, 66.15, 65.9, 65.97, 966, 66.038, 321]
['20181128  11:50:00', 65.94, 66.27, 65.94, 66.22, 1315, 66.162, 437]
['20181128  11:55:00', 66.23, 66.4, 66.05, 66.31, 630, 66.205, 278]
['20181128  12:00:00', 66.31, 66.9, 66.28, 66.89, 1868, 66.661, 631]
['20181128  12:05:00', 66.85, 67.24, 66.77, 67.21, 3003, 66.958, 1069]
['20181128  12:10:00', 67.2, 67.31, 66.86, 67.21, 2963, 67.111, 830]
['20181128  12:15:00', 67.21, 67.36, 67.1, 67.24, 1768, 67.237, 605]
['20181128  12:20:00', 67.28, 67.73, 67.28, 67.65, 3606, 67.555, 906]
['20181128  12:25:00', 67.61, 68.3, 67.57, 68.13, 3212, 67.909, 992]
['20181128  12:30:00', 68.15, 68.44, 68.06, 68.11, 2623, 68.251, 827]
['20181128  12:35:00', 68.09, 68.13, 67.9, 68.13, 2008, 68.01, 631]
['20181128  12:40:00', 68.09, 68.16, 67.8, 67.95, 1339, 67.936, 501]
['20181128  12:45:00', 67.93, 68.4, 67.93, 68.18, 1410, 68.167, 538]
['20181128  12:50:00', 68.17, 68.45, 68.11, 68.36, 1261, 68.275, 460]
['20181128  12:55:00', 68.37, 68.45, 68.06, 68.1, 1371, 68.277, 449]
['20181128  13:00:00', 68.1, 68.19, 67.82, 67.85, 1888, 67.986, 668]
['20181128  13:05:00', 67.87, 68.03, 67.76, 67.97, 1489, 67.875, 601]
['20181128  13:10:00', 67.97, 68.14, 67.89, 68.14, 1448, 68.013, 401]
['20181128  13:15:00', 68.13, 68.28, 68.0, 68.22, 946, 68.128, 336]
['20181128  13:20:00', 68.2, 68.21, 67.97, 68.15, 720, 68.093, 305]
['20181128  13:25:00', 68.15, 68.44, 68.09, 68.42, 1659, 68.271, 540]
['20181128  13:30:00', 68.42, 68.81, 68.38, 68.79, 2053, 68.637, 914]
['20181128  13:35:00', 68.8, 68.99, 68.72, 68.92, 1974, 68.879, 709]
['20181128  13:40:00', 68.93, 69.24, 68.81, 69.12, 3057, 69.047, 811]
['20181128  13:45:00', 69.13, 69.21, 68.81, 68.88, 1905, 69.072, 635]
['20181128  13:50:00', 68.88, 69.09, 68.81, 68.92, 991, 68.927, 424]
['20181128  13:55:00', 68.91, 69.14, 68.89, 69.11, 822, 69.04, 279]
['20181128  14:00:00', 69.12, 69.4, 69.06, 69.38, 2503, 69.247, 818]
['20181128  14:05:00', 69.39, 69.54, 69.21, 69.29, 1548, 69.353, 592]
['20181128  14:10:00', 69.27, 69.52, 69.27, 69.48, 1061, 69.338, 524]
['20181128  14:15:00', 69.49, 69.5, 69.12, 69.33, 1573, 69.28, 584]
['20181128  14:20:00', 69.3, 69.39, 68.98, 69.11, 2054, 69.123, 592]
['20181128  14:25:00', 69.15, 69.25, 69.09, 69.22, 847, 69.16, 426]
['20181128  14:30:00', 69.23, 69.49, 69.23, 69.44, 1635, 69.345, 548]
['20181128  14:35:00', 69.45, 69.7, 69.42, 69.5, 1180, 69.557, 505]
['20181128  14:40:00', 69.52, 69.61, 69.37, 69.37, 1142, 69.493, 434]
['20181128  14:45:00', 69.37, 69.44, 69.27, 69.34, 1131, 69.355, 510]
['20181128  14:50:00', 69.35, 69.47, 69.24, 69.27, 1276, 69.33, 549]
['20181128  14:55:00', 69.28, 69.39, 69.23, 69.28, 1295, 69.322, 604]
['20181128  15:00:00', 69.28, 69.28, 69.01, 69.23, 1694, 69.149, 738]
['20181128  15:05:00', 69.24, 69.25, 69.14, 69.21, 1084, 69.206, 464]
['20181128  15:10:00', 69.21, 69.55, 69.2, 69.54, 1933, 69.36, 597]
['20181128  15:15:00', 69.53, 69.58, 69.36, 69.54, 1370, 69.482, 553]
['20181128  15:20:00', 69.53, 69.66, 69.48, 69.54, 1650, 69.58, 708]
['20181128  15:25:00', 69.55, 69.68, 69.53, 69.62, 1215, 69.601, 617]
['20181128  15:30:00', 69.61, 69.92, 69.6, 69.91, 2556, 69.785, 1171]
['20181128  15:35:00', 69.92, 70.01, 69.84, 69.87, 3061, 69.959, 1212]
['20181128  15:40:00', 69.87, 69.94, 69.79, 69.82, 1816, 69.878, 881]
['20181128  15:45:00', 69.84, 70.1, 69.84, 70.08, 2830, 69.997, 1349]
['20181128  15:50:00', 70.08, 70.09, 69.92, 69.98, 2230, 69.997, 1285]
['20181128  15:55:00', 69.97, 69.98, 69.87, 69.89, 3315, 69.916, 1764]
['20181129  09:30:00', 69.44, 69.98, 69.08, 69.17, 4281, 69.475, 1064]
['20181129  09:35:00', 69.09, 69.34, 68.54, 68.91, 3883, 68.924, 1104]
['20181129  09:40:00', 69.0, 69.33, 68.68, 69.33, 1651, 68.977, 692]
['20181129  09:45:00', 69.29, 69.34, 68.33, 68.39, 2227, 68.732, 1011]
['20181129  09:50:00', 68.41, 69.09, 68.37, 69.06, 2121, 68.788, 1067]
['20181129  09:55:00', 69.05, 69.08, 68.56, 68.76, 1250, 68.77, 581]
['20181129  10:00:00', 68.75, 69.04, 68.42, 68.58, 2204, 68.641, 776]
['20181129  10:05:00', 68.6, 68.81, 68.33, 68.55, 1614, 68.548, 606]
['20181129  10:10:00', 68.59, 68.73, 68.25, 68.47, 3117, 68.442, 814]
['20181129  10:15:00', 68.49, 68.49, 67.89, 68.05, 3579, 68.179, 909]
['20181129  10:20:00', 68.04, 68.28, 67.97, 68.11, 1079, 68.146, 443]
['20181129  10:25:00', 68.15, 68.31, 67.95, 68.15, 704, 68.146, 357]
['20181129  10:30:00', 68.15, 68.82, 68.05, 68.72, 2365, 68.595, 920]
['20181129  10:35:00', 68.72, 68.74, 68.51, 68.57, 1481, 68.618, 518]
['20181129  10:40:00', 68.58, 68.58, 68.15, 68.28, 1275, 68.321, 433]
['20181129  10:45:00', 68.26, 68.38, 67.93, 68.02, 1730, 68.197, 465]
['20181129  10:50:00', 67.99, 68.05, 67.6, 67.79, 2189, 67.806, 655]
['20181129  10:55:00', 67.82, 67.97, 67.55, 67.9, 1484, 67.765, 458]
['20181129  11:00:00', 67.94, 68.09, 67.82, 67.98, 903, 67.965, 356]
['20181129  11:05:00', 67.97, 68.15, 67.79, 67.87, 1292, 67.997, 470]
['20181129  11:10:00', 67.82, 68.18, 67.79, 68.06, 1088, 67.985, 461]
['20181129  11:15:00', 68.06, 68.14, 67.83, 67.87, 845, 67.999, 353]
['20181129  11:20:00', 67.89, 68.45, 67.72, 68.28, 2448, 68.142, 660]
['20181129  11:25:00', 68.28, 68.68, 68.18, 68.64, 2048, 68.457, 463]
['20181129  11:30:00', 68.65, 68.96, 68.46, 68.86, 1873, 68.701, 475]
['20181129  11:35:00', 68.86, 69.05, 68.86, 68.94, 853, 68.952, 351]
['20181129  11:40:00', 68.9, 68.97, 68.8, 68.9, 943, 68.898, 296]
['20181129  11:45:00', 68.88, 69.23, 68.86, 69.18, 1892, 69.013, 491]
['20181129  11:50:00', 69.17, 69.36, 68.88, 69.3, 1709, 69.141, 513]
['20181129  11:55:00', 69.32, 69.39, 69.13, 69.19, 761, 69.238, 273]
['20181129  12:00:00', 69.16, 69.16, 68.9, 68.99, 935, 69.01, 235]
['20181129  12:05:00', 68.97, 69.04, 68.65, 68.7, 939, 68.811, 422]
['20181129  12:10:00', 68.72, 68.89, 68.61, 68.82, 1056, 68.746, 497]
['20181129  12:15:00', 68.81, 69.13, 68.77, 69.05, 721, 68.982, 247]
['20181129  12:20:00', 69.06, 69.21, 69.0, 69.21, 925, 69.129, 384]
['20181129  12:25:00', 69.2, 69.33, 69.15, 69.16, 643, 69.248, 217]
['20181129  12:30:00', 69.2, 69.36, 69.15, 69.19, 579, 69.253, 270]
['20181129  12:35:00', 69.2, 70.08, 69.05, 70.08, 6560, 69.569, 1810]
['20181129  12:40:00', 70.08, 70.43, 69.97, 70.29, 5236, 70.178, 1718]
['20181129  12:45:00', 70.31, 70.36, 69.98, 70.2, 2316, 70.191, 618]
['20181129  12:50:00', 70.22, 70.4, 70.13, 70.18, 2224, 70.27, 664]
['20181129  12:55:00', 70.17, 70.55, 70.16, 70.43, 1717, 70.368, 443]
['20181129  13:00:00', 70.43, 70.43, 70.0, 70.11, 2689, 70.165, 798]
['20181129  13:05:00', 70.13, 70.14, 69.67, 69.73, 1942, 69.845, 617]
['20181129  13:10:00', 69.72, 69.96, 69.65, 69.71, 1276, 69.794, 308]
['20181129  13:15:00', 69.72, 69.99, 69.68, 69.99, 1463, 69.774, 507]
['20181129  13:20:00', 69.98, 70.08, 69.84, 70.02, 765, 69.95, 266]
['20181129  13:25:00', 70.05, 70.14, 70.0, 70.04, 1038, 70.065, 266]
['20181129  13:30:00', 70.04, 70.14, 69.95, 69.97, 1020, 70.057, 272]
['20181129  13:35:00', 69.96, 69.96, 69.75, 69.83, 787, 69.828, 269]
['20181129  13:40:00', 69.82, 69.88, 69.68, 69.8, 702, 69.774, 298]
['20181129  13:45:00', 69.8, 70.05, 69.72, 70.0, 864, 69.897, 317]
['20181129  13:50:00', 70.04, 70.08, 69.88, 69.91, 1319, 69.994, 385]
['20181129  13:55:00', 69.94, 70.05, 69.77, 69.78, 681, 69.903, 252]
['20181129  14:00:00', 69.79, 70.14, 69.71, 70.01, 1435, 70.01, 488]
['20181129  14:05:00', 69.99, 70.04, 69.9, 69.94, 470, 69.966, 208]
['20181129  14:10:00', 69.95, 70.22, 69.94, 70.14, 1222, 70.109, 445]
['20181129  14:15:00', 70.15, 70.2, 69.93, 70.03, 940, 70.066, 442]
['20181129  14:20:00', 70.03, 70.22, 69.98, 70.11, 798, 70.112, 375]
['20181129  14:25:00', 70.12, 70.15, 70.01, 70.05, 783, 70.083, 426]
['20181129  14:30:00', 70.04, 70.07, 69.89, 70.0, 680, 69.998, 314]
['20181129  14:35:00', 69.99, 70.02, 69.81, 69.81, 639, 69.949, 258]
['20181129  14:40:00', 69.85, 70.0, 69.84, 69.96, 423, 69.941, 205]
['20181129  14:45:00', 69.97, 70.0, 69.86, 69.99, 492, 69.933, 196]
['20181129  14:50:00', 69.99, 70.13, 69.97, 70.1, 869, 70.062, 408]
['20181129  14:55:00', 70.11, 70.44, 70.06, 70.38, 1138, 70.262, 495]
['20181129  15:00:00', 70.42, 70.59, 70.29, 70.4, 1882, 70.433, 616]
['20181129  15:05:00', 70.4, 70.67, 70.39, 70.67, 1677, 70.518, 579]
['20181129  15:10:00', 70.67, 70.72, 70.5, 70.64, 1707, 70.611, 611]
['20181129  15:15:00', 70.63, 70.63, 70.33, 70.33, 1509, 70.472, 617]
['20181129  15:20:00', 70.35, 70.45, 70.22, 70.22, 1072, 70.352, 393]
['20181129  15:25:00', 70.22, 70.34, 70.2, 70.29, 1278, 70.25, 511]
['20181129  15:30:00', 70.29, 70.29, 70.05, 70.15, 1518, 70.144, 586]
['20181129  15:35:00', 70.14, 70.18, 69.95, 70.01, 1282, 70.068, 517]
['20181129  15:40:00', 70.0, 70.13, 69.96, 70.11, 886, 70.07, 450]
['20181129  15:45:00', 70.12, 70.23, 70.0, 70.06, 1473, 70.12, 759]
['20181129  15:50:00', 70.05, 70.11, 69.97, 70.08, 1422, 70.056, 740]
['20181129  15:55:00', 70.08, 70.08, 69.82, 69.87, 3302, 69.899, 1646]
['20181130  09:30:00', 69.4, 69.8, 68.55, 68.58, 4417, 69.312, 1059]
['20181130  09:35:00', 68.55, 69.16, 68.4, 68.96, 3898, 68.822, 1761]
['20181130  09:40:00', 68.91, 69.11, 68.66, 68.91, 2991, 68.907, 1042]
['20181130  09:45:00', 68.9, 69.79, 68.9, 69.67, 3696, 69.361, 1181]
['20181130  09:50:00', 69.72, 69.74, 69.3, 69.6, 1191, 69.499, 470]
['20181130  09:55:00', 69.59, 69.75, 69.4, 69.66, 1084, 69.56, 497]
['20181130  10:00:00', 69.66, 69.77, 69.33, 69.68, 1005, 69.55, 445]
['20181130  10:05:00', 69.65, 70.17, 69.56, 70.1, 3257, 69.95, 911]
['20181130  10:10:00', 70.1, 70.43, 69.79, 70.42, 2030, 70.179, 727]
['20181130  10:15:00', 70.41, 70.41, 70.07, 70.15, 1616, 70.236, 530]
['20181130  10:20:00', 70.19, 70.35, 69.88, 70.03, 1412, 70.132, 567]
['20181130  10:25:00', 70.01, 70.02, 69.78, 69.92, 1266, 69.903, 479]
['20181130  10:30:00', 69.96, 70.53, 69.94, 70.48, 1538, 70.29, 584]
['20181130  10:35:00', 70.45, 70.59, 70.34, 70.42, 1636, 70.454, 588]
['20181130  10:40:00', 70.44, 70.68, 70.34, 70.51, 1920, 70.536, 628]
['20181130  10:45:00', 70.49, 70.5, 70.18, 70.2, 975, 70.274, 390]
['20181130  10:50:00', 70.19, 70.29, 69.9, 70.27, 1905, 70.05, 734]
['20181130  10:55:00', 70.25, 70.32, 69.95, 69.95, 1157, 70.106, 495]
['20181130  11:00:00', 69.97, 70.01, 69.69, 69.82, 1623, 69.854, 679]
['20181130  11:05:00', 69.83, 69.91, 69.6, 69.66, 1167, 69.778, 556]
['20181130  11:10:00', 69.66, 69.7, 69.37, 69.57, 1644, 69.528, 655]
['20181130  11:15:00', 69.59, 69.83, 69.48, 69.8, 913, 69.641, 425]
['20181130  11:20:00', 69.84, 69.84, 69.52, 69.66, 1179, 69.669, 610]
['20181130  11:25:00', 69.65, 69.65, 69.16, 69.23, 1671, 69.384, 643]
['20181130  11:30:00', 69.23, 69.59, 69.13, 69.39, 1363, 69.37, 489]
['20181130  11:35:00', 69.42, 69.65, 69.33, 69.58, 657, 69.489, 279]
['20181130  11:40:00', 69.59, 69.87, 69.54, 69.76, 1340, 69.749, 408]
['20181130  11:45:00', 69.74, 69.79, 69.41, 69.5, 1035, 69.565, 467]
['20181130  11:50:00', 69.53, 69.58, 69.4, 69.45, 954, 69.487, 366]
['20181130  11:55:00', 69.43, 69.69, 69.37, 69.58, 1361, 69.519, 428]
['20181130  12:00:00', 69.6, 69.61, 69.27, 69.28, 1195, 69.4, 452]
['20181130  12:05:00', 69.27, 69.43, 69.17, 69.43, 1175, 69.292, 400]
['20181130  12:10:00', 69.44, 69.44, 69.22, 69.26, 769, 69.332, 270]
['20181130  12:15:00', 69.25, 69.39, 69.23, 69.3, 783, 69.308, 308]
['20181130  12:20:00', 69.28, 69.35, 69.14, 69.16, 604, 69.25, 233]
['20181130  12:25:00', 69.17, 69.23, 69.08, 69.16, 2469, 69.152, 614]
['20181130  12:30:00', 69.15, 69.24, 69.03, 69.16, 1142, 69.158, 390]
['20181130  12:35:00', 69.15, 69.3, 69.1, 69.26, 628, 69.196, 306]
['20181130  12:40:00', 69.25, 69.47, 69.18, 69.23, 905, 69.317, 377]
['20181130  12:45:00', 69.23, 69.4, 69.19, 69.29, 420, 69.304, 220]
['20181130  12:50:00', 69.29, 69.36, 69.25, 69.26, 358, 69.289, 174]
['20181130  12:55:00', 69.27, 69.44, 69.25, 69.33, 520, 69.362, 239]
['20181130  13:00:00', 69.33, 69.33, 69.03, 69.12, 593, 69.155, 275]
['20181130  13:05:00', 69.12, 69.12, 68.81, 68.83, 1075, 68.962, 368]
['20181130  13:10:00', 68.82, 68.87, 68.73, 68.73, 658, 68.8, 277]
['20181130  13:15:00', 68.76, 68.95, 68.75, 68.91, 659, 68.863, 281]
['20181130  13:20:00', 68.92, 69.4, 68.9, 69.4, 1226, 69.14, 461]
['20181130  13:25:00', 69.38, 69.38, 69.13, 69.22, 592, 69.207, 253]
['20181130  13:30:00', 69.22, 69.45, 69.18, 69.38, 641, 69.276, 280]
['20181130  13:35:00', 69.38, 69.59, 69.37, 69.48, 834, 69.485, 285]
['20181130  13:40:00', 69.47, 69.57, 69.38, 69.43, 600, 69.481, 227]
['20181130  13:45:00', 69.44, 69.5, 69.36, 69.45, 612, 69.44, 228]
['20181130  13:50:00', 69.47, 69.61, 69.43, 69.43, 881, 69.525, 491]
['20181130  13:55:00', 69.44, 69.54, 69.43, 69.46, 361, 69.493, 150]
['20181130  14:00:00', 69.49, 69.52, 69.32, 69.5, 917, 69.423, 363]
['20181130  14:05:00', 69.48, 69.6, 69.44, 69.55, 546, 69.53, 237]
['20181130  14:10:00', 69.55, 69.59, 69.44, 69.51, 446, 69.513, 227]
['20181130  14:15:00', 69.51, 69.67, 69.33, 69.36, 940, 69.503, 358]
['20181130  14:20:00', 69.37, 69.46, 69.34, 69.46, 444, 69.402, 192]
['20181130  14:25:00', 69.45, 69.61, 69.43, 69.61, 586, 69.516, 230]
['20181130  14:30:00', 69.58, 69.59, 69.43, 69.44, 765, 69.508, 364]
['20181130  14:35:00', 69.45, 69.6, 69.44, 69.49, 719, 69.523, 365]
['20181130  14:40:00', 69.5, 69.68, 69.44, 69.61, 1220, 69.599, 471]
['20181130  14:45:00', 69.61, 69.73, 69.55, 69.66, 1150, 69.653, 492]
['20181130  14:50:00', 69.66, 69.77, 69.62, 69.7, 701, 69.696, 314]
['20181130  14:55:00', 69.71, 69.73, 69.5, 69.51, 849, 69.6, 360]
['20181130  15:00:00', 69.54, 69.69, 69.53, 69.58, 1043, 69.616, 404]
['20181130  15:05:00', 69.57, 69.82, 69.5, 69.82, 1442, 69.669, 443]
['20181130  15:10:00', 69.82, 69.82, 69.72, 69.76, 787, 69.76, 377]
['20181130  15:15:00', 69.77, 69.82, 69.68, 69.75, 1108, 69.751, 465]
['20181130  15:20:00', 69.75, 69.76, 69.59, 69.74, 1232, 69.691, 621]
['20181130  15:25:00', 69.73, 69.79, 69.65, 69.69, 614, 69.724, 431]
['20181130  15:30:00', 69.7, 69.89, 69.68, 69.89, 1338, 69.769, 709]
['20181130  15:35:00', 69.89, 69.99, 69.82, 69.84, 1433, 69.895, 690]
['20181130  15:40:00', 69.84, 69.99, 69.79, 69.9, 1837, 69.87, 924]
['20181130  15:45:00', 69.9, 69.9, 69.76, 69.77, 1546, 69.825, 815]
['20181130  15:50:00', 69.76, 69.81, 69.65, 69.79, 1876, 69.741, 1028]
['20181130  15:55:00', 69.79, 70.0, 69.74, 69.75, 2946, 69.883, 1624]
